-250
-249.023438
-248.046876
-247.070314
-246.093752
-245.11719
-244.140628
-243.164066
-242.187504
-241.210942
-240.23438
-239.257818
-238.281256
-237.304694
-236.328132
-235.35157
-234.375008
-233.398446
-232.421884
-231.445322
-230.46876
-229.492198
-228.515636
-227.539074
-226.562512
-225.58595
-224.609388
-223.632826
-222.656264
-221.679702
-220.70314
-219.726578
-218.750016
-217.773454
-216.796892
-215.82033
-214.843768
-213.867206
-212.890644
-211.914082
-210.93752
-209.960958
-208.984396
-208.007834
-207.031272
-206.05471
-205.078148
-204.101586
-203.125024
-202.148462
-201.1719
-200.195338
-199.218776
-198.242214
-197.265652
-196.28909
-195.312528
-194.335966
-193.359404
-192.382842
-191.40628
-190.429718
-189.453156
-188.476594
-187.500032
-186.52347
-185.546908
-184.570346
-183.593784
-182.617222
-181.64066
-180.664098
-179.687536
-178.710974
-177.734412
-176.75785
-175.781288
-174.804726
-173.828164
-172.851602
-171.87504
-170.898478
-169.921916
-168.945354
-167.968792
-166.99223
-166.015668
-165.039106
-164.062544
-163.085982
-162.10942
-161.132858
-160.156296
-159.179734
-158.203172
-157.22661
-156.250048
-155.273486
-154.296924
-153.320362
-152.3438
-151.367238
-150.390676
-149.414114
-148.437552
-147.46099
-146.484428
-145.507866
-144.531304
-143.554742
-142.57818
-141.601618
-140.625056
-139.648494
-138.671932
-137.69537
-136.718808
-135.742246
-134.765684
-133.789122
-132.81256
-131.835998
-130.859436
-129.882874
-128.906312
-127.92975
-126.953188
-125.976626
-125.000064
-124.023502
-123.04694
-122.070378
-121.093816
-120.117254
-119.140692
-118.16413
-117.187568
-116.211006
-115.234444
-114.257882
-113.28132
-112.304758
-111.328196
-110.351634
-109.375072
-108.39851
-107.421948
-106.445386
-105.468824
-104.492262
-103.5157
-102.539138
-101.562576
-100.586014
-99.6094519999998
-98.6328899999998
-97.6563279999998
-96.6797659999998
-95.7032039999998
-94.7266419999998
-93.7500799999998
-92.7735179999998
-91.7969559999998
-90.8203939999998
-89.8438319999998
-88.8672699999998
-87.8907079999998
-86.9141459999998
-85.9375839999998
-84.9610219999998
-83.9844599999998
-83.0078979999998
-82.0313359999998
-81.0547739999998
-80.0782119999998
-79.1016499999998
-78.1250879999998
-77.1485259999998
-76.1719639999998
-75.1954019999998
-74.2188399999998
-73.2422779999998
-72.2657159999998
-71.2891539999998
-70.3125919999998
-69.3360299999998
-68.3594679999998
-67.3829059999998
-66.4063439999998
-65.4297819999998
-64.4532199999998
-63.4766579999998
-62.5000959999998
-61.5235339999998
-60.5469719999998
-59.5704099999998
-58.5938479999998
-57.6172859999998
-56.6407239999998
-55.6641619999997
-54.6875999999997
-53.7110379999997
-52.7344759999997
-51.7579139999997
-50.7813519999997
-49.8047899999997
-48.8282279999997
-47.8516659999997
-46.8751039999997
-45.8985419999997
-44.9219799999997
-43.9454179999997
-42.9688559999997
-41.9922939999997
-41.0157319999997
-40.0391699999997
-39.0626079999997
-38.0860459999997
-37.1094839999997
-36.1329219999997
-35.1563599999997
-34.1797979999997
-33.2032359999997
-32.2266739999997
-31.2501119999997
-30.2735499999997
-29.2969879999997
-28.3204259999997
-27.3438639999997
-26.3673019999997
-25.3907399999997
-24.4141779999997
-23.4376159999997
-22.4610539999997
-21.4844919999997
-20.5079299999997
-19.5313679999997
-18.5548059999997
-17.5782439999997
-16.6016819999997
-15.6251199999997
-14.6485579999997
-13.6719959999997
-12.6954339999997
-11.7188719999997
-10.7423099999997
-9.7657479999997
-8.7891859999997
-7.8126239999997
-6.8360619999997
-5.8594999999997
-4.8829379999997
-3.9063759999997
-2.9298139999997
-1.9532519999997
-0.976689999999701
-0.000127999999701034
0.976434000000299
1.9529960000003
2.9295580000003
3.9061200000003
4.8826820000003
5.8592440000003
6.8358060000003
7.8123680000003
8.7889300000003
9.7654920000003
10.7420540000003
11.7186160000003
12.6951780000003
13.6717400000003
14.6483020000003
15.6248640000003
16.6014260000003
17.5779880000003
18.5545500000003
19.5311120000003
20.5076740000003
21.4842360000003
22.4607980000003
23.4373600000003
24.4139220000003
25.3904840000003
26.3670460000003
27.3436080000003
28.3201700000003
29.2967320000003
30.2732940000003
31.2498560000003
32.2264180000003
33.2029800000003
34.1795420000003
35.1561040000003
36.1326660000003
37.1092280000003
38.0857900000003
39.0623520000003
40.0389140000003
41.0154760000003
41.9920380000003
42.9686000000003
43.9451620000003
44.9217240000003
45.8982860000003
46.8748480000003
47.8514100000003
48.8279720000003
49.8045340000003
50.7810960000003
51.7576580000003
52.7342200000003
53.7107820000003
54.6873440000003
55.6639060000003
56.6404680000003
57.6170300000003
58.5935920000003
59.5701540000004
60.5467160000004
61.5232780000004
62.4998400000004
63.4764020000004
64.4529640000003
65.4295260000004
66.4060880000004
67.3826500000004
68.3592120000004
69.3357740000004
70.3123360000004
71.2888980000004
72.2654600000004
73.2420220000004
74.2185840000004
75.1951460000004
76.1717080000004
77.1482700000004
78.1248320000004
79.1013940000004
80.0779560000004
81.0545180000004
82.0310800000004
83.0076420000004
83.9842040000004
84.9607660000004
85.9373280000004
86.9138900000004
87.8904520000004
88.8670140000004
89.8435760000004
90.8201380000004
91.7967000000004
92.7732620000004
93.7498240000004
94.7263860000004
95.7029480000004
96.6795100000004
97.6560720000004
98.6326340000004
99.6091960000004
100.585758
101.56232
102.538882
103.515444
104.492006
105.468568
106.44513
107.421692
108.398254
109.374816
110.351378
111.32794
112.304502
113.281064
114.257626
115.234188
116.21075
117.187312
118.163874
119.140436
120.116998
121.09356
122.070122
123.046684
124.023246
124.999808
125.97637
126.952932
127.929494
128.906056
129.882618
130.85918
131.835742
132.812304
133.788866
134.765428
135.74199
136.718552
137.695114
138.671676
139.648238
140.6248
141.601362
142.577924
143.554486
144.531048
145.50761
146.484172
147.460734
148.437296
149.413858
150.39042
151.366982
152.343544
153.320106
154.296668
155.27323
156.249792
157.226354
158.202916
159.179478
160.15604
161.132602
162.109164
163.085726
164.062288
165.03885
166.015412
166.991974
167.968536
168.945098
169.92166
170.898222
171.874784
172.851346
173.827908
174.80447
175.781032
176.757594
177.734156
178.710718
179.68728
180.663842
181.640404000001
182.616966000001
183.593528000001
184.570090000001
185.546652000001
186.523214000001
187.499776000001
188.476338000001
189.452900000001
190.429462000001
191.406024000001
192.382586000001
193.359148000001
194.335710000001
195.312272000001
196.288834000001
197.265396000001
198.241958000001
199.218520000001
200.195082000001
201.171644000001
202.148206000001
203.124768000001
204.101330000001
205.077892000001
206.054454000001
207.031016000001
208.007578000001
208.984140000001
209.960702000001
210.937264000001
211.913826000001
212.890388000001
213.866950000001
214.843512000001
215.820074000001
216.796636000001
217.773198000001
218.749760000001
219.726322000001
220.702884000001
221.679446000001
222.656008000001
223.632570000001
224.609132000001
225.585694000001
226.562256000001
227.538818000001
228.515380000001
229.491942000001
230.468504000001
231.445066000001
232.421628000001
233.398190000001
234.374752000001
235.351314000001
236.327876000001
237.304438000001
238.281000000001
239.257562000001
240.234124000001
241.210686000001
242.187248000001
243.163810000001
244.140372000001
245.116934000001
246.093496000001
247.070058000001
248.046620000001
249.023182000001