-462
-459.5
-457
-454.5
-452
-449.5
-447
-444.5
-442
-439.5
-437
-434.5
-432
-429.5
-427
-424.5
-422
-419.5
-417
-414.5
-412
-409.5
-407
-404.5
-402
-399.5
-397
-394.5
-392
-389.5
-387
-384.5
-382
-379.5
-377
-374.5
-372
-369.5
-367
-364.5
-362
-359.5
-357
-354.5
-352
-349.5
-347
-344.5
-342
-339.5
-337
-334.5
-332
-329.5
-327
-324.5
-322
-319.5
-317
-314.5
-312
-309.5
-307
-304.5
-302
-299.5
-297
-294.5
-292
-289.5
-287
-284.5
-282
-279.5
-277
-274.5
-272
-269.5
-267
-264.5
-262
-259.5
-257
-254.5
-252
-249.5
-247
-244.5
-242
-239.5
-237
-234.5
-232
-229.5
-227
-224.5
-222
-219.5
-217
-214.5
-212
-209.5
-207
-204.5
-202
-199.5
-197
-194.5
-192
-189.5
-187
-184.5
-182
-179.5
-177
-174.5
-172
-169.5
-167
-164.5
-162
-159.5
-157
-154.5
-152